1000
659 833
793 185
192 28
971 827
307 174
924 177
223 950
198 455
174 904
212 383
519 979
333 565
460 859
167 593
661 799
384 127
14 270
614 746
715 638
57 580
988 724
767 509
703 298
153 846
928 105
583 384
810 38
476 554
503 977
888 571
415 601
867 274
265 908
52 320
984 756
757 327
11 64
90 586
798 426
862 520
313 896
280 353
913 55
269 485
640 337
675 968
253 832
298 104
124 427
986 40
213 809
495 755
625 949
369 574
380 962
99 218
408 167
269 811
597 242
376 233
546 531
302 255
810 590
864 468
586 827
609 974
612 672
723 848
467 384
8 384
915 782
404 805
732 759
442 594
455 752
65 139
239 977
69 310
591 842
111 910
520 430
638 109
491 639
777 982
352 290
93 714
682 477
779 953
905 121
641 196
156 444
643 285
124 4
241 606
752 797
278 958
554 463
23 481
882 343
223 191
152 738
453 753
540 739
495 501
385 194
111 108
981 898
823 457
369 547
475 492
629 71
955 744
672 43
114 9
528 375
163 93
965 559
279 749
973 98
951 782
456 202
492 956
50 452
347 709
651 595
94 700
700 561
722 954
360 232
479 882
569 889
80 380
372 50
49 513
179 865
929 126
647 894
712 913
835 492
226 604
872 869
541 208
762 610
976 520
474 931
241 194
727 633
289 976
43 106
82 503
998 281
763 309
367 696
788 105
330 362
29 298
52 266
95 123
423 827
314 88
344 917
515 799
598 972
814 989
590 555
574 665
919 296
350 386
402 996
114 822
534 220
776 510
327 182
652 205
205 434
790 405
468 992
254 690
261 590
97 886
26 452
720 815
568 122
520 97
553 31
787 941
769 334
867 555
146 669
574 652
183 304
948 227
129 912
131 484
279 125
159 362
816 426
829 80
472 313
8 558
238 314
582 573
651 235
327 138
522 666
249 650
244 53
738 51
658 976
784 980
71 696
654 262
99 340
139 558
611 55
120 694
744 869
698 578
992 68
72 556
838 594
984 211
963 425
894 600
419 57
521 750
314 352
312 673
443 352
89 688
687 472
39 311
603 795
600 399
840 808
760 560
986 432
242 567
169 144
686 106
169 239
140 987
354 565
704 643
752 616
422 423
689 143
495 972
885 583
217 373
726 711
100 536
852 956
244 772
598 337
204 856
983 525
688 471
245 366
691 617
906 950
726 283
43 191
66 541
627 586
110 628
575 721
646 260
26 454
846 666
45 171
529 246
385 562
676 391
705 402
748 738
105 1
411 906
282 633
798 513
641 301
54 398
466 812
948 398
353 441
58 189
819 590
174 355
614 50
252 381
215 454
70 131
777 410
583 920
489 831
104 982
107 82
138 46
991 335
252 501
55 29
251 754
693 345
671 109
713 249
769 671
680 590
939 79
211 856
939 742
799 59
603 531
891 268
429 890
508 323
249 149
974 245
293 371
307 962
860 260
24 285
725 268
935 184
159 383
989 446
645 178
66 893
725 454
22 497
151 350
212 742
321 408
405 384
446 298
583 560
943 508
73 322
882 781
459 480
731 595
631 885
740 298
755 541
50 268
853 751
509 207
667 968
678 736
3 925
552 977
441 208
141 30
228 836
679 964
821 184
825 758
429 368
146 234
388 142
504 179
916 632
732 117
881 324
700 877
774 187
660 294
807 739
236 602
842 128
645 70
823 619
536 911
631 371
601 251
720 97
644 21
426 559
800 443
957 751
556 274
639 47
666 493
675 222
864 492
1000 153
883 900
563 970
532 358
705 224
660 565
689 480
689 777
930 674
655 29
821 381
830 376
868 196
117 618
228 140
564 50
461 54
379 206
533 176
217 935
695 165
473 278
878 575
736 67
946 920
574 951
608 109
284 950
351 440
513 177
25 715
938 893
391 38
868 606
403 469
351 406
693 895
994 422
287 400
717 200
807 517
185 892
798 663
71 614
823 374
176 584
433 401
186 243
357 102
417 131
257 289
986 350
736 313
57 636
662 876
425 904
280 270
829 237
225 385
234 435
715 360
10 544
827 874
841 35
314 639
707 669
713 586
142 914
264 330
543 47
391 766
453 794
44 514
960 437
800 3
248 774
327 943
37 120
296 165
736 49
426 144
137 403
177 193
238 648
229 817
737 795
71 702
149 673
501 796
503 719
746 642
710 168
393 363
263 261
864 263
613 799
747 22
406 620
373 801
710 941
737 23
583 491
167 967
462 560
95 805
139 265
491 390
226 881
81 745
116 837
627 161
218 953
731 267
578 287
17 949
767 495
59 388
804 723
78 452
323 651
539 483
205 638
564 160
337 8
743 768
341 798
310 60
619 992
522 643
225 743
689 76
532 928
939 850
72 66
45 185
967 842
823 904
97 75
801 536
364 92
59 32
403 135
535 722
323 245
773 217
297 705
318 882
771 559
488 376
431 838
765 206
835 924
413 924
308 297
90 539
369 172
819 720
315 292
746 458
555 760
781 981
332 279
171 686
290 974
149 891
430 108
323 144
877 423
212 154
80 121
726 755
596 215
373 208
558 241
833 730
392 81
984 759
64 242
215 50
321 921
212 670
528 685
280 80
304 915
327 852
802 783
251 179
246 528
249 640
493 213
851 963
699 22
337 243
802 199
332 521
432 585
901 258
225 459
764 257
651 631
150 67
152 296
527 779
315 13
735 228
345 465
2 164
57 409
481 48
248 650
892 971
840 998
142 704
704 102
295 836
730 448
220 254
472 72
230 304
606 267
624 950
348 106
807 608
684 395
631 764
749 2
634 294
371 487
108 197
39 503
259 8
161 224
806 414
78 671
748 584
109 50
873 846
443 746
162 410
561 496
216 897
371 356
585 449
646 918
154 893
538 596
871 231
232 21
829 384
621 18
253 876
54 232
896 655
160 621
711 209
884 888
798 6
409 721
191 123
207 81
356 718
21 101
256 471
216 445
370 649
500 450
310 907
89 579
947 288
977 787
363 540
94 250
436 268
695 445
117 734
528 92
322 45
376 231
766 552
334 509
261 530
649 305
55 400
946 1000
313 709
795 720
560 136
58 741
522 553
946 315
1000 262
724 895
993 847
805 979
123 381
341 432
814 234
804 116
173 95
632 21
73 344
514 576
951 111
555 967
634 798
878 67
748 405
885 459
83 384
880 928
165 907
690 886
670 69
791 412
499 127
26 256
369 320
300 102
316 355
580 785
176 59
277 99
681 686
278 70
52 771
305 27
11 188
140 718
352 733
339 234
429 454
853 896
354 549
188 109
39 345
79 864
350 858
973 98
233 120
582 906
919 215
711 24
160 443
729 394
912 493
408 4
93 537
874 947
223 158
79 239
817 238
702 386
457 994
664 133
733 671
856 64
417 87
400 668
624 585
289 928
884 170
124 534
820 289
542 419
525 708
927 824
243 266
937 210
908 683
485 967
504 628
755 820
971 420
615 3
942 646
374 593
151 165
150 737
953 740
183 38
548 596
604 637
482 71
811 195
740 409
654 675
930 159
560 949
118 632
854 906
632 447
951 101
168 11
617 781
652 869
722 807
237 902
477 85
346 319
645 634
539 708
508 794
869 121
813 531
526 429
802 520
205 584
455 350
271 669
66 553
139 127
719 468
426 584
3 46
222 654
705 649
253 992
422 287
373 629
892 730
921 407
836 594
309 159
53 576
713 475
178 390
440 831
189 731
125 568
507 294
202 857
401 16
697 710
130 453
328 934
551 239
243 3
670 701
396 889
873 521
998 271
109 255
815 324
665 770
112 241
729 762
998 10
207 129
169 854
980 54
607 848
758 895
131 280
979 290
654 289
638 475
194 487
81 278
111 282
682 937
152 59
647 405
103 205
483 330
389 555
946 921
597 134
116 274
736 71
789 533
37 493
332 1000
601 542
678 693
290 788
938 711
323 776
747 381
717 115
123 491
222 628
897 559
449 109
473 468
249 219
942 454
691 191
796 731
430 449
173 417
610 648
351 679
582 884
36 985
100 609
656 26
475 807
167 745
263 472
697 781
419 681
397 798
253 221
166 500
168 648
439 191
477 905
94 23
413 279
571 758
561 209
690 377
423 877
932 21
588 143
114 810
171 270
730 22
992 271
248 299
59 269
458 957
798 190
442 556
900 844
488 898
385 861
802 648
965 165
294 780
569 228
582 838
152 782
750 317
562 223
444 429
592 720
446 847
523 934
255 390
626 427
539 765
531 64
704 167
306 434
587 440
651 487
437 771
191 760
316 384
919 837
399 25
603 843
163 444
914 892
770 412
262 69
744 552
65 94
806 557
370 640
237 653
396 125
713 470
821 294
227 354
639 746
114 708
870 139
773 923
677 688
132 910
116 606
827 533
52 483
691 550
601 135
467 721
14 298
829 563
359 200
155 729
481 563
583 679
612 221
744 616
779 946
495 381
140 966
872 801
255 50
852 486
326 691
213 342
398 461
851 651
729 24
659 430
694 493
103 974
409 57
105 394
679 220
450 189
219 675
547 784
153 752
966 677
656 658
412 973
252 743
2 340
852 274
97 62
399 211
70 67
7159
